%YAML:1.0
---
intrinsic_matrix: !!opencv-matrix
   rows: 3
   cols: 3
   dt: d
   data: [ 4.9101291137685780e+02, 0., 6.3002833242403403e+02, 0.,
       4.9145434809227123e+02, 3.2962936160034906e+02, 0., 0., 1. ]
distortion_matrix: !!opencv-matrix
   rows: 1
   cols: 5
   dt: d
   data: [ -1.8388801597572904e-01, 4.1284542601989251e-02,
       -7.2441256018600730e-04, 1.1652255687291458e-04,
       -4.4043488400687704e-03 ]
