%YAML:1.0
---
intrinsic_matrix: !!opencv-matrix
   rows: 3
   cols: 3
   dt: d
   data: [ 4.8774471006009549e+02, 0., 6.3883176335005408e+02, 0.,
       4.8895202320218596e+02, 3.4488638094913637e+02, 0., 0., 1. ]
distortion_matrix: !!opencv-matrix
   rows: 1
   cols: 5
   dt: d
   data: [ -1.7504573497580012e-01, 3.6013909552473959e-02,
       -5.4209737573988990e-04, 4.6566444404292331e-05,
       -3.3940154020035275e-03 ]
