%YAML:1.0
---
intrinsic_matrix: !!opencv-matrix
   rows: 3
   cols: 3
   dt: d
   data: [ 4.8598829483811193e+02, 0., 6.4085420487390058e+02, 0.,
       4.8685827933036830e+02, 3.3079328120206503e+02, 0., 0., 1. ]
distortion_matrix: !!opencv-matrix
   rows: 1
   cols: 5
   dt: d
   data: [ -1.8189554961221857e-01, 4.0010124129422252e-02,
       -3.6861994999058413e-04, 1.6582847075518088e-05,
       -4.1684021246947856e-03 ]
