%YAML:1.0
---
intrinsic_matrix: !!opencv-matrix
   rows: 3
   cols: 3
   dt: d
   data: [ 4.9242253314165396e+02, 0., 6.5782886155652500e+02, 0.,
       4.9264030526651538e+02, 3.3194072465548231e+02, 0., 0., 1. ]
distortion_matrix: !!opencv-matrix
   rows: 1
   cols: 5
   dt: d
   data: [ -1.7929316960474440e-01, 3.7580075670745013e-02,
       -3.3558094855751274e-04, -5.8822806895967076e-05,
       -3.6670458000980142e-03 ]
